0.000000
0.000001
560.899534
560.899535
1089.074632
1089.074635
1508.353202
1508.353203
1762.153956
1762.153956
1902.089305
1902.089307
2023.188118
2023.188121
2081.225927
2081.225929
3366.998673
3366.998677
3856.831762
3856.831763
4189.314194
4189.314195
4460.340064
4460.340064
4687.541396
4687.541396
4848.475379
4848.475380
5023.660673
5023.660674
6286.975595
6286.975598
6556.519607
6556.519609
6814.790617
6814.790618
7061.123739
7061.123740
7293.238370
7293.238371
7539.733169
7539.733170
8679.892798
8679.892802
8781.455199
8781.455200
9051.895837
9051.895840
9341.982462
9341.982464
9663.236777
9663.236778
10527.630449
10527.630453
10564.067518
10564.067520
10652.123868
10652.123869
10746.151153
10746.151158
10863.210034
10863.210037
11017.726815
11017.726816
11048.899294
11048.899294
11130.937627
11130.937631
11193.704915
11193.704915
11432.629299
11432.629301
11898.273761
11898.273763
12551.786978
12551.786980
12821.830268
12821.830272
13041.481262
13041.481263
13062.849395
13062.849399
13080.957114
13080.957116
13176.470220
13176.470223
13338.460305
13338.460307
14846.791725
14846.791727
14906.935176
14906.935177
14931.904138
14931.904138
15061.665079
15061.665081
16253.172641
16253.172642
16361.534294
16361.534294
16391.113953
16391.113954
17335.131922
17335.131922
17350.151259
17350.151261
17971.887607
17971.887607
39094.149731
39094.149732
39169.266409
39169.266412
39322.029705
39322.029707
40981.954783
40981.954784
41556.665586
41556.665588
41930.715026
41930.715030
42415.882483
42415.882485
42896.136506
42896.136510
43131.280050
43131.280051
