0.000000
0.000001
533.448750
533.448751
808.693675
808.693675
980.824247
980.824250
1162.786746
1162.786746
1356.134599
1356.134600
1519.100400
1519.100401
1628.838365
1628.838365
3338.404235
3338.404236
3473.772457
3473.772458
3853.388835
3853.388835
4138.827086
4138.827088
4280.664694
4280.664695
4356.711306
4356.711309
4414.282753
4414.282754
6075.337686
6075.337688
6168.811564
6168.811564
6528.971278
6528.971280
6788.334242
6788.334243
6851.024204
6851.024207
6906.498507
6906.498507
8312.906676
8312.906678
8335.627361
8335.627364
8385.796047
8385.796048
8410.409149
8410.409149
8426.925685
8426.925685
8539.641185
8539.641186
8621.337572
8621.337574
8768.906149
8768.906150
8803.371105
8803.371106
8998.671255
8998.671258
9064.157328
9064.157328
10174.703546
10174.703548
10331.776945
10331.776947
10518.162416
10518.162417
10586.147857
10586.147858
10698.813015
10698.813017
10709.835504
10709.835505
10812.840376
10812.840380
10851.511667
10851.511669
10859.087734
10859.087735
11523.243688
11523.243689
12089.478493
12089.478495
12262.809531
12262.809531
12403.620270
12403.620270
12510.755800
12510.755800
12544.099468
12544.099470
12574.908454
12574.908455
13850.236260
13850.236261
13887.867983
13887.867984
13897.437374
13897.437376
14867.604390
14867.604391
14878.855052
14878.855052
15503.163568
15503.163570
29568.924639
29568.924640
29638.343272
29638.343273
29803.114946
29803.114947
30898.350507
30898.350508
31559.266533
31559.266533
31962.114605
31962.114607
32237.332713
32237.332713
32832.201573
32832.201575
33037.061971
33037.061973
