0.000000
0.000002
706.415723
706.415724
1370.901533
1370.901534
1909.768777
1909.768779
2229.932148
2229.932149
2394.795946
2394.795947
2550.370029
2550.370030
2636.171565
2636.171565
3527.530978
3527.530979
4090.185448
4090.185449
4502.905255
4502.905256
4848.308236
4848.308237
5143.496463
5143.496464
5347.424388
5347.424390
5568.209341
5568.209345
6574.138009
6574.138011
6820.266528
6820.266529
7127.242850
7127.242851
7453.450993
7453.450993
7761.572741
7761.572741
8068.591655
8068.591655
9011.816101
9011.816103
9058.733402
9058.733402
9172.160316
9172.160317
9271.756002
9271.756002
9317.160943
9317.160944
9458.525734
9458.525734
9597.696515
9597.696516
9762.842732
9762.842733
9785.471076
9785.471077
9834.691637
9834.691639
10183.025269
10183.025272
10790.810471
10790.810472
10948.776479
10948.776480
11408.699751
11408.699752
11598.786317
11598.786317
11623.083951
11623.083954
11673.395111
11673.395112
11780.974291
11780.974294
11937.162750
11937.162751
11988.441127
11988.441129
12332.264547
12332.264547
12985.539881
12985.539881
13288.322952
13288.322952
13434.376026
13434.376027
13520.961325
13520.961325
13555.286329
13555.286331
13688.876482
13688.876483
14830.779507
14830.779508
14972.316390
14972.316392
15007.664847
15007.664847
15935.708441
15935.708441
15958.674678
15958.674678
16587.566968
16587.566968
30100.144880
30100.144880
30167.213077
30167.213078
30300.688662
30300.688662
32760.617231
32760.617232
33273.340127
33273.340127
33631.052654
33631.052656
34237.881500
34237.881500
34648.382998
34648.382998
34911.450636
34911.450636
