0.000000
0.000000
578.711061
578.711062
1118.394537
1118.394538
1543.960098
1543.960099
1798.422273
1798.422274
1940.572341
1940.572341
2064.136260
2064.136260
2124.933450
2124.933450
3384.726277
3384.726277
3875.901411
3875.901414
4216.576249
4216.576250
4494.240849
4494.240850
4724.382567
4724.382567
4887.119105
4887.119108
5065.500250
5065.500251
6314.075964
6314.075964
6577.513707
6577.513707
6840.371477
6840.371478
7094.749282
7094.749283
7330.522224
7330.522225
7580.519299
7580.519300
8710.470531
8710.470532
8803.426498
8803.426499
9077.165081
9077.165081
9378.273204
9378.273204
9702.992271
9702.992271
10552.789224
10552.789224
10590.592181
10590.592182
10685.297275
10685.297275
10780.224916
10780.224916
10898.803913
10898.803914
11053.031197
11053.031198
11085.458977
11085.458979
11171.297952
11171.297952
11234.669838
11234.669840
11472.041401
11472.041403
11931.158552
11931.158552
12588.341706
12588.341707
12859.168617
12859.168617
13077.820641
13077.820642
13099.333174
13099.333175
13118.595503
13118.595503
13213.559923
13213.559923
13379.806885
13379.806886
14884.890654
14884.890655
14943.750016
14943.750016
14971.034657
14971.034657
15101.369850
15101.369850
16291.121306
16291.121306
16401.020899
16401.020899
16430.246181
16430.246182
17374.413102
17374.413103
17389.269983
17389.269983
18011.734803
18011.734803
39105.254444
39105.254447
39179.998271
39179.998272
39331.739880
39331.739882
41036.273252
41036.273253
41606.442841
41606.442841
41979.774222
41979.774222
42472.895900
42472.895902
42948.248583
42948.248583
43185.396801
43185.396803
