0.000000
0.000001
563.029437
563.029438
1093.469122
1093.469126
1514.888352
1514.888353
1769.934141
1769.934142
1910.120202
1910.120204
2031.384743
2031.384743
2089.323601
2089.323604
3369.075258
3369.075259
3860.663584
3860.663584
4194.270138
4194.270141
4466.303173
4466.303174
4694.715930
4694.715931
4856.342074
4856.342074
5031.809076
5031.809076
6291.080827
6291.080829
6560.619328
6560.619331
6819.661869
6819.661870
7067.081179
7067.081179
7300.485447
7300.485450
7547.761907
7547.761909
8685.085556
8685.085558
8785.459893
8785.459893
9056.744100
9056.744101
9348.505067
9348.505069
9671.078123
9671.078124
10532.339849
10532.339851
10568.374968
10568.374969
10657.998860
10657.998863
10752.238325
10752.238325
10869.888301
10869.888302
11025.023038
11025.023038
11055.502541
11055.502541
11138.993551
11138.993552
11201.701661
11201.701662
11440.352474
11440.352475
11904.165965
11904.165967
12558.860993
12558.860993
12829.108294
12829.108296
13048.391571
13048.391572
13069.830523
13069.830523
13087.904138
13087.904140
13183.877345
13183.877345
13346.634969
13346.634970
14853.817110
14853.817112
14914.136499
14914.136503
14939.279707
14939.279709
15069.711037
15069.711037
16260.206977
16260.206979
16369.215122
16369.215123
16398.943452
16398.943454
17342.793082
17342.793083
17357.808649
17357.808649
17979.700202
17979.700202
39094.591971
39094.591971
39169.566860
39169.566861
39322.098527
39322.098529
40993.098469
40993.098470
41566.779165
41566.779167
41940.932532
41940.932533
42426.899182
42426.899183
42906.291513
42906.291515
43142.000464
43142.000464
