0.000000
0.000000
577.843899
577.843900
1150.309722
1150.309724
1625.806064
1625.806066
1920.983181
1920.983182
2078.993375
2078.993376
2215.628494
2215.628495
2285.238836
2285.238837
3383.759719
3383.759720
3936.761339
3936.761339
4287.792110
4287.792111
4576.994072
4576.994073
4839.154804
4839.154805
5026.689367
5026.689370
5225.615966
5225.615967
6348.758327
6348.758328
6645.260123
6645.260124
6922.928476
6922.928476
7181.710949
7181.710950
7450.604726
7450.604726
7733.209953
7733.209954
8758.019731
8758.019733
8799.581716
8799.581717
8865.902541
8865.902543
8904.778994
8904.778996
9009.355517
9009.355518
9187.399432
9187.399433
9211.281699
9211.281699
9353.932187
9353.932187
9426.326843
9426.326844
9481.520119
9481.520121
9849.635731
9849.635734
10614.434469
10614.434470
10681.351900
10681.351902
11092.750285
11092.750286
11212.768458
11212.768459
11247.000164
11247.000167
11297.503241
11297.503241
11391.805795
11391.805795
11558.554238
11558.554239
11620.434314
11620.434314
12043.164549
12043.164550
12676.533964
12676.533966
12968.167800
12968.167802
13036.352577
13036.352578
13121.475827
13121.475829
13169.346769
13169.346770
13282.354880
13282.354880
14435.028863
14435.028865
14568.478556
14568.478558
14604.047420
14604.047420
15533.832428
15533.832429
15554.367203
15554.367204
16180.879937
16180.879939
29705.410831
29705.410831
29777.107272
29777.107273
29922.040810
29922.040811
31901.786153
31901.786155
32447.939873
32447.939874
32818.312790
32818.312791
33348.116963
33348.116964
33798.500930
33798.500931
34047.687532
34047.687532
