0.000000
0.000001
633.403995
633.403995
1216.261375
1216.261376
1674.444714
1674.444716
1942.551764
1942.551765
2087.244613
2087.244613
2219.400642
2219.400642
2289.650820
2289.650822
3443.022402
3443.022402
3948.616313
3948.616314
4316.316958
4316.316959
4617.306837
4617.306839
4863.793963
4863.793964
5036.080612
5036.080612
5224.102425
5224.102425
6410.246893
6410.246893
6657.861362
6657.861363
6935.206005
6935.206006
7217.573116
7217.573116
7472.749513
7472.749515
7735.810147
7735.810148
8823.589959
8823.589960
8884.999147
8884.999148
9170.784142
9170.784143
9513.517989
9513.517989
9854.339847
9854.339848
10632.613807
10632.613807
10702.549969
10702.549972
10809.402475
10809.402476
10909.258190
10909.258190
11036.161594
11036.161594
11187.419605
11187.419605
11228.834641
11228.834641
11331.287280
11331.287283
11390.914272
11390.914274
11624.666755
11624.666757
12055.829290
12055.829291
12727.515812
12727.515813
13000.361736
13000.361736
13219.353188
13219.353189
13238.854860
13238.854861
13264.223163
13264.223165
13359.927011
13359.927013
13544.809861
13544.809862
15031.629972
15031.629973
15088.628850
15088.628852
15121.403698
15121.403700
15260.808229
15260.808230
16438.380186
16438.380186
16555.496429
16555.496430
16586.300193
16586.300195
17528.103473
17528.103474
17545.384988
17545.384989
18169.306522
18169.306522
39131.917392
39131.917393
39204.559064
39204.559065
39351.558764
39351.558765
41266.258114
41266.258117
41818.041801
41818.041801
42189.144355
42189.144356
42710.494412
42710.494412
43166.987177
43166.987178
43412.981669
43412.981669
