0.000000
0.000002
544.530386
544.530391
1091.957572
1091.957576
1549.208549
1549.208551
1835.300026
1835.300027
1992.529562
1992.529563
2130.264653
2130.264654
2204.204308
2204.204309
3350.996132
3350.996138
3893.694100
3893.694101
4231.692022
4231.692023
4506.644558
4506.644560
4756.685381
4756.685383
4940.764932
4940.764932
5142.194352
5142.194353
6293.012690
6293.012691
6600.443743
6600.443743
6866.749573
6866.749573
7110.553220
7110.553221
7366.976696
7366.976699
7648.655598
7648.655599
8691.637918
8691.637920
8723.485047
8723.485048
8815.639133
8815.639134
8830.377333
8830.377333
8931.994054
8931.994058
9116.956137
9116.956138
9136.489708
9136.489709
9264.274729
9264.274730
9339.367553
9339.367554
9402.263852
9402.263853
9764.653952
9764.653954
10564.215080
10564.215082
10617.955302
10617.955302
11012.742962
11012.742964
11131.154086
11131.154087
11165.832834
11165.832837
11215.342281
11215.342281
11309.306658
11309.306661
11469.463315
11469.463317
11535.710859
11535.710859
11968.672193
11968.672195
12592.603212
12592.603216
12885.272811
12885.272812
12954.866538
12954.866538
13037.161512
13037.161512
13086.516757
13086.516757
13195.102253
13195.102256
14354.632563
14354.632564
14483.019417
14483.019419
14518.079277
14518.079277
15449.584629
15449.584629
15469.292140
15469.292141
16094.847556
16094.847556
29676.560526
29676.560527
29750.208913
29750.208915
29897.612683
29897.612685
31766.371032
31766.371032
32319.724477
32319.724479
32687.299422
32687.299425
33220.754423
33220.754425
33675.299938
33675.299944
33918.732265
33918.732268
