0.000000
0.000000
600.310307
600.310311
952.020958
952.020959
1178.202317
1178.202318
1390.516441
1390.516443
1600.501297
1600.501297
1762.750446
1762.750448
1912.505630
1912.505631
3407.528248
3407.528249
3576.828688
3576.828689
4003.777468
4003.777469
4332.363887
4332.363888
4504.729207
4504.729209
4603.888843
4603.888844
4676.794488
4676.794489
6181.786928
6181.786928
6303.129715
6303.129716
6677.254751
6677.254751
6983.348009
6983.348011
7109.172748
7109.172750
7139.873347
7139.873347
8465.998020
8465.998021
8579.669153
8579.669153
8628.284337
8628.284338
8659.173012
8659.173012
8698.892528
8698.892528
8799.628426
8799.628426
8907.011952
8907.011954
8974.438521
8974.438522
9099.415674
9099.415674
9255.001897
9255.001897
9292.011562
9292.011563
10326.730657
10326.730658
10469.654650
10469.654651
10789.908098
10789.908098
10857.723858
10857.723858
10993.390335
10993.390335
11002.386542
11002.386542
11066.152611
11066.152612
11097.009836
11097.009837
11182.886103
11182.886103
11686.391467
11686.391468
12312.477621
12312.477621
12521.808882
12521.808883
12701.182700
12701.182701
12808.253145
12808.253145
12858.802742
12858.802742
12881.363074
12881.363075
14151.750446
14151.750446
14194.633091
14194.633093
14207.035295
14207.035296
15178.807708
15178.807709
15182.043068
15182.043069
15818.734960
15818.734962
30044.792845
30044.792845
30113.897478
30113.897478
30273.412221
30273.412222
31709.304276
31709.304276
32320.850825
32320.850826
32735.805669
32735.805670
33043.961532
33043.961534
33598.671632
33598.671632
33829.354019
33829.354020
