0.000000
0.000000
581.531687
581.531689
1152.425379
1152.425380
1621.588606
1621.588607
1907.638351
1907.638352
2062.467152
2062.467152
2189.607750
2189.607750
2247.244839
2247.244839
3387.517672
3387.517673
3933.397824
3933.397825
4279.086603
4279.086604
4565.498443
4565.498444
4825.584090
4825.584091
5009.123769
5009.123772
5191.876859
5191.876859
6350.064187
6350.064190
6636.782482
6636.782484
6909.811651
6909.811652
7171.619253
7171.619254
7433.315722
7433.315724
7705.053250
7705.053250
8754.587519
8754.587520
8793.388931
8793.388933
8852.727638
8852.727639
8897.323567
8897.323569
8997.592890
8997.592890
9176.711188
9176.711189
9198.375184
9198.375185
9341.626151
9341.626152
9413.736702
9413.736704
9467.872455
9467.872456
9823.851823
9823.851823
10605.126566
10605.126567
10671.258672
10671.258672
11079.143837
11079.143838
11205.364224
11205.364225
11235.471238
11235.471238
11289.786113
11289.786114
11380.253954
11380.253956
11545.984098
11545.984100
11594.077217
11594.077217
12030.886366
12030.886368
12658.694127
12658.694127
12938.023957
12938.023958
13028.899654
13028.899657
13112.690638
13112.690640
13156.169543
13156.169544
13269.549378
13269.549378
14427.913415
14427.913416
14558.488523
14558.488525
14592.518791
14592.518791
15524.451682
15524.451683
15543.846980
15543.846981
16169.984866
16169.984867
29749.680912
29749.680913
29820.688838
29820.688839
29966.720732
29966.720732
31917.887717
31917.887718
32469.094570
32469.094571
32846.569397
32846.569397
33345.026497
33345.026498
33806.206381
33806.206383
34056.037963
34056.037963
