0.000000
0.000000
556.911764
556.911771
1109.280778
1109.280782
1565.990819
1565.990823
1848.731170
1848.731174
2000.618278
2000.618281
2131.939079
2131.939081
2200.355559
2200.355559
3363.010681
3363.010681
3901.637466
3901.637468
4239.364072
4239.364074
4517.809170
4517.809171
4769.305357
4769.305360
4948.606464
4948.606464
5140.791114
5140.791118
6308.740473
6308.740477
6605.011294
6605.011296
6873.555641
6873.555644
7120.996396
7120.996398
7378.867647
7378.867650
7650.007479
7650.007483
8705.665938
8705.665938
8728.047625
8728.047625
8819.346209
8819.346212
8833.574834
8833.574838
8934.709712
8934.709713
9120.278092
9120.278094
9141.853099
9141.853099
9267.171650
9267.171654
9338.538112
9338.538115
9414.557009
9414.557011
9768.209759
9768.209760
10572.477857
10572.477859
10626.526044
10626.526044
11022.549826
11022.549826
11136.220258
11136.220260
11167.755336
11167.755338
11221.525701
11221.525703
11308.767655
11308.767656
11471.152053
11471.152055
11538.826717
11538.826717
11980.063661
11980.063663
12601.914520
12601.914522
12887.528418
12887.528420
12956.937167
12956.937168
13039.897478
13039.897482
13087.228086
13087.228089
13196.167068
13196.167070
14356.118923
14356.118926
14484.925677
14484.925678
14519.474106
14519.474106
15451.444581
15451.444583
15470.651744
15470.651747
16095.905101
16095.905104
29658.759622
29658.759627
29731.611946
29731.611948
29879.235012
29879.235014
31749.507740
31749.507742
32304.672825
32304.672826
32676.740822
32676.740823
33191.158526
33191.158528
33651.288266
33651.288266
33896.080869
33896.080869
