0.000000
0.000002
512.746560
512.746561
772.372655
772.372656
934.630046
934.630046
1108.368661
1108.368665
1293.731629
1293.731632
1451.552989
1451.552990
1553.079755
1553.079759
3319.046818
3319.046820
3451.393779
3451.393782
3814.909451
3814.909454
4086.697775
4086.697779
4220.333242
4220.333242
4291.463186
4291.463190
4348.016762
4348.016762
6048.141139
6048.141140
6138.620850
6138.620850
6487.887284
6487.887286
6732.673007
6732.673008
6787.598913
6787.598917
6844.954016
6844.954022
8262.572037
8262.572037
8280.603727
8280.603731
8326.899341
8326.899341
8355.199320
8355.199322
8370.497333
8370.497334
8489.525331
8489.525334
8552.825721
8552.825721
8693.656749
8693.656749
8758.402520
8758.402520
8937.504540
8937.504542
9003.516586
9003.516587
10137.977116
10137.977116
10293.507698
10293.507699
10456.694115
10456.694117
10521.803659
10521.803659
10631.468384
10631.468384
10642.303320
10642.303320
10750.141336
10750.141339
10781.859059
10781.859060
10797.377310
10797.377313
11485.019262
11485.019262
12030.910557
12030.910560
12194.824767
12194.824768
12338.482980
12338.482983
12442.026314
12442.026316
12474.355596
12474.355599
12505.624174
12505.624176
13783.489467
13783.489467
13819.372336
13819.372337
13828.936267
13828.936270
14799.258294
14799.258295
14811.172294
14811.172294
15432.805111
15432.805112
29490.916537
29490.916538
29560.287343
29560.287343
29725.481284
29725.481286
30739.807509
30739.807511
31415.791380
31415.791384
31812.949919
31812.949920
32081.800994
32081.800996
32687.120798
32687.120801
32884.522272
32884.522275
