0.000000
0.000001
492.006480
492.006482
741.149773
741.149773
904.409935
904.409936
1084.479694
1084.479694
1277.833340
1277.833341
1436.808760
1436.808762
1561.559318
1561.559320
3300.223055
3300.223057
3434.986900
3434.986901
3793.692131
3793.692133
4064.322200
4064.322200
4206.416536
4206.416537
4283.379703
4283.379704
4336.810163
4336.810165
6023.645802
6023.645804
6124.539075
6124.539076
6471.684137
6471.684139
6719.175872
6719.175873
6776.903866
6776.903867
6827.727116
6827.727117
8248.365812
8248.365813
8266.968574
8266.968577
8315.014515
8315.014516
8343.781264
8343.781267
8359.174870
8359.174872
8478.967644
8478.967645
8543.755874
8543.755875
8693.609551
8693.609551
8747.533350
8747.533350
8922.806871
8922.806873
8986.382102
8986.382102
10113.605719
10113.605723
10285.537036
10285.537037
10447.062197
10447.062198
10512.484152
10512.484154
10625.990800
10625.990800
10634.008613
10634.008613
10736.576148
10736.576150
10774.085943
10774.085945
10781.624156
10781.624157
11463.121359
11463.121360
12011.257294
12011.257294
12190.208287
12190.208289
12332.812535
12332.812535
12434.831409
12434.831410
12467.062618
12467.062618
12498.165875
12498.165875
13774.709751
13774.709751
13812.593718
13812.593720
13822.566953
13822.566955
14792.313478
14792.313478
14803.867083
14803.867083
15427.238686
15427.238687
29515.625036
29515.625036
29584.841365
29584.841365
29750.076942
29750.076944
30767.550730
30767.550731
31443.059565
31443.059566
31841.037756
31841.037757
32108.331713
32108.331714
32713.975517
32713.975519
32911.726537
32911.726539
