0.000000
0.000003
486.356185
486.356190
769.165381
769.165382
949.843371
949.843374
1112.475544
1112.475545
1268.871451
1268.871452
1393.241280
1393.241282
1475.529234
1475.529236
3294.913851
3294.913852
3475.714076
3475.714076
3798.226595
3798.226595
4046.386037
4046.386040
4185.954683
4185.954683
4259.055766
4259.055768
4302.519451
4302.519453
6034.322920
6034.322921
6151.996555
6151.996555
6454.141675
6454.141676
6688.565249
6688.565253
6762.780922
6762.780925
6809.336840
6809.336843
8309.883790
8309.883790
8426.320731
8426.320732
8715.733711
8715.733714
8898.437410
8898.437411
8950.190628
8950.190633
10109.382376
10109.382377
10232.532078
10232.532080
10277.692153
10277.692155
10313.660919
10313.660923
10366.429423
10366.429423
10423.849982
10423.849983
10519.035721
10519.035724
10615.933090
10615.933094
10683.825289
10683.825291
10737.553830
10737.553832
11470.931771
11470.931774
11979.148864
11979.148864
12201.439661
12201.439663
12516.854486
12516.854486
12579.059948
12579.059951
12605.852950
12605.852951
12615.336891
12615.336892
12730.406715
12730.406715
14325.958639
14325.958640
14372.059024
14372.059027
14421.417408
14421.417410
14442.946697
14442.946699
15765.701819
15765.701823
15785.987392
15785.987396
15793.175252
15793.175256
16770.765946
16770.765947
16781.128109
16781.128109
17394.181421
17394.181422
39010.561150
39010.561150
39079.380346
39079.380347
39244.527676
39244.527676
40161.886928
40161.886931
40858.621688
40858.621690
41248.499560
41248.499561
41505.761870
41505.761872
42126.136780
42126.136782
42313.973430
42313.973431
