0.000000
0.000003
559.654128
559.654131
1086.757723
1086.757723
1505.140999
1505.141001
1758.425360
1758.425360
1898.182269
1898.182270
2019.088767
2019.088769
2076.887971
2076.887974
3365.757314
3365.757317
3855.022113
3855.022113
4186.825825
4186.825827
4457.233501
4457.233505
4683.904636
4683.904641
4844.536104
4844.536107
5019.465995
5019.465997
6284.809113
6284.809117
6554.476979
6554.476979
6812.274867
6812.274869
7057.946007
7057.946008
7289.519166
7289.519174
7535.671773
7535.671774
8677.241881
8677.241882
8779.323883
8779.323884
9049.314766
9049.314766
9338.511597
9338.511598
9659.283208
9659.283210
10525.105303
10525.105306
10561.738768
10561.738771
10649.082899
10649.082900
10743.002180
10743.002180
10859.830145
10859.830145
11014.117707
11014.117711
11045.461182
11045.461189
11126.912399
11126.912401
11189.582898
11189.582899
11428.722517
11428.722520
11895.231798
11895.231800
12548.194224
12548.194229
12818.033748
12818.033750
13037.957635
13037.957635
13059.321616
13059.321618
13077.353877
13077.353879
13172.749105
13172.749106
13334.386876
13334.386876
14843.137282
14843.137282
14903.251609
14903.251613
14928.118987
14928.118989
15057.695316
15057.695320
16249.498729
16249.498732
16357.640494
16357.640494
16387.181833
16387.181836
17331.258677
17331.258681
17346.237005
17346.237007
17967.885640
17967.885641
39093.630320
39093.630321
39168.805163
39168.805165
39321.690796
39321.690797
40976.116251
40976.116251
41551.368802
41551.368802
41925.437572
41925.437573
42409.850111
42409.850111
42890.639841
42890.639841
43125.507363
43125.507363
