0.000000
0.000000
557.366539
557.366539
1109.042254
1109.042255
1564.668165
1564.668168
1846.616411
1846.616413
1998.663701
1998.663703
2129.622922
2129.622922
2198.170364
2198.170366
3363.451604
3363.451606
3900.291784
3900.291784
4238.623366
4238.623367
4516.838935
4516.838935
4767.488861
4767.488861
4946.580760
4946.580760
5138.482991
5138.482992
6308.355251
6308.355253
6604.068831
6604.068833
6872.184268
6872.184271
7120.300701
7120.300702
7376.851361
7376.851362
7647.817807
7647.817810
8704.535590
8704.535590
8725.324167
8725.324168
8817.492221
8817.492222
8831.093182
8831.093183
8931.012924
8931.012924
9116.291638
9116.291639
9139.713298
9139.713298
9262.527800
9262.527800
9334.608013
9334.608013
9413.343402
9413.343403
9765.940175
9765.940177
10571.489478
10571.489480
10625.507725
10625.507728
11020.280644
11020.280644
11133.041526
11133.041528
11163.563266
11163.563270
11218.473422
11218.473422
11304.569725
11304.569726
11466.647220
11466.647222
11536.542187
11536.542187
11978.673671
11978.673671
12599.853956
12599.853957
12885.128544
12885.128545
12953.544658
12953.544659
13035.901681
13035.901681
13083.265420
13083.265421
13191.563713
13191.563715
14352.505199
14352.505199
14480.531163
14480.531164
14515.031465
14515.031466
15447.288721
15447.288722
15466.249684
15466.249685
16091.594014
16091.594015
29647.776610
29647.776611
29720.633516
29720.633517
29868.354009
29868.354011
31735.016158
31735.016159
32290.569729
32290.569729
32662.883405
32662.883405
33175.972256
33175.972257
33636.675243
33636.675246
33881.372973
33881.372976
