0.000000
0.000000
561.708720
561.708722
1117.664281
1117.664288
1577.131545
1577.131545
1861.601922
1861.601924
2014.555508
2014.555511
2145.852905
2145.852907
2213.661057
2213.661060
3367.712411
3367.712414
3907.772327
3907.772329
4248.162695
4248.162698
4528.639796
4528.639798
4781.887001
4781.887003
4962.190882
4962.190883
5154.370076
5154.370076
6316.690556
6316.690558
6612.040362
6612.040364
6882.110001
6882.110001
7132.418194
7132.418198
7391.402573
7391.402575
7663.718567
7663.718567
8715.434278
8715.434279
8739.983823
8739.983825
8828.059581
8828.059585
8844.423339
8844.423343
8946.681648
8946.681649
9132.410877
9132.410881
9152.053089
9152.053089
9281.289611
9281.289611
9354.054741
9354.054742
9426.708384
9426.708385
9781.733881
9781.733884
10580.161422
10580.161422
10636.230846
10636.230847
11034.826923
11034.826923
11149.234375
11149.234376
11180.106418
11180.106420
11234.272159
11234.272165
11322.228694
11322.228696
11485.711372
11485.711374
11552.330903
11552.330904
11991.358865
11991.358869
12615.017664
12615.017664
12900.809989
12900.809989
12970.305289
12970.305290
13053.135829
13053.135832
13100.308821
13100.308823
13210.096546
13210.096546
14369.160785
14369.160785
14498.379617
14498.379619
14533.101001
14533.101001
15464.783030
15464.783034
15484.159650
15484.159650
16109.934704
16109.934706
29664.591655
29664.591658
29737.094687
29737.094689
29884.311706
29884.311708
31773.183975
31773.183976
32327.150118
32327.150121
32699.878450
32699.878451
33213.049151
33213.049151
33672.644642
33672.644645
33918.473358
33918.473360
