0.000000
0.000001
487.962476
487.962479
772.564070
772.564070
954.475936
954.475938
1117.713445
1117.713446
1274.340192
1274.340195
1398.492374
1398.492376
1482.252504
1482.252506
3296.405502
3296.405502
3478.087120
3478.087120
3801.599932
3801.599937
4050.788000
4050.788002
4191.252839
4191.252841
4265.171386
4265.171387
4307.860908
4307.860909
6036.676396
6036.676397
6154.926151
6154.926153
6457.545340
6457.545342
6693.101024
6693.101026
6769.069910
6769.069910
6814.126101
6814.126101
8312.801871
8312.801873
8429.474410
8429.474411
8719.233370
8719.233373
8904.464027
8904.464028
8954.760212
8954.760212
10112.725819
10112.725819
10235.837768
10235.837769
10282.139833
10282.139834
10317.528435
10317.528438
10370.336859
10370.336860
10428.544566
10428.544568
10524.236055
10524.236055
10621.599732
10621.599735
10689.335068
10689.335068
10742.264744
10742.264745
11474.255538
11474.255538
11984.019004
11984.019004
12206.812978
12206.812979
12521.261180
12521.261184
12583.757039
12583.757041
12610.664565
12610.664566
12620.080957
12620.080959
12735.858747
12735.858748
14330.633286
14330.633289
14376.765858
14376.765860
14426.283165
14426.283165
14448.094155
14448.094156
15770.573028
15770.573028
15790.801401
15790.801401
15798.169406
15798.169407
16775.760276
16775.760276
16785.982904
16785.982904
17399.322249
17399.322251
39011.687354
39011.687354
39080.527513
39080.527514
39245.720049
39245.720051
40169.865411
40169.865414
40865.082580
40865.082581
41255.627720
41255.627721
41513.423596
41513.423596
42132.832781
42132.832782
42321.375245
42321.375246
