0.000000
0.000002
559.375386
559.375391
1086.219005
1086.219007
1504.370784
1504.370786
1757.520478
1757.520480
1897.215991
1897.215991
2017.997973
2017.997974
2075.700652
2075.700652
3365.487798
3365.487799
3854.586853
3854.586853
4186.224851
4186.224852
4456.483683
4456.483683
4683.024323
4683.024324
4843.549149
4843.549152
5018.344963
5018.344965
6284.313613
6284.313617
6553.992321
6553.992324
6811.667192
6811.667193
7057.184873
7057.184873
7288.619872
7288.619873
7534.613225
7534.613225
8676.623827
8676.623827
8778.829839
8778.829839
9048.699853
9048.699853
9337.692525
9337.692527
9658.269895
9658.269896
10524.519327
10524.519330
10561.215725
10561.215727
10648.363670
10648.363670
10742.235940
10742.235944
10859.005417
10859.005418
11013.237760
11013.237760
11044.633870
11044.633872
11125.909639
11125.909642
11188.555921
11188.555925
11427.726837
11427.726839
11894.527742
11894.527742
12547.350830
12547.350831
12817.051956
12817.051957
13037.105867
13037.105868
13058.477834
13058.477837
13076.485689
13076.485690
13171.828381
13171.828383
13333.368202
13333.368202
14842.249760
14842.249760
14902.359946
14902.359948
14927.218321
14927.218321
15056.712477
15056.712478
16248.614055
16248.614056
16356.690653
16356.690655
16386.231627
16386.231628
17330.330822
17330.330824
17345.282125
17345.282125
17966.913693
17966.913694
39093.625251
39093.625251
39168.808181
39168.808184
39321.725811
39321.725812
40974.787537
40974.787538
41550.189635
41550.189637
41924.294580
41924.294581
42408.402886
42408.402890
42889.364965
42889.364966
43124.174099
43124.174100
