0.000000
0.000001
560.956980
560.956983
1089.173914
1089.173916
1508.483207
1508.483210
1762.289955
1762.289956
1902.209448
1902.209450
2023.325451
2023.325453
2081.384359
2081.384360
3367.057614
3367.057614
3856.902872
3856.902873
4189.408377
4189.408379
4460.454116
4460.454116
4687.669528
4687.669529
4848.611768
4848.611768
5023.811770
5023.811770
6287.070071
6287.070072
6556.596382
6556.596384
6814.879833
6814.879833
7061.238967
7061.238968
7293.371396
7293.371399
7539.880760
7539.880760
8680.006427
8680.006428
8781.529151
8781.529154
9051.986908
9051.986910
9342.109976
9342.109977
9663.381523
9663.381524
10527.739021
10527.739023
10564.146864
10564.146864
10652.243218
10652.243221
10746.274236
10746.274237
10863.340541
10863.340545
11017.864613
11017.864613
11049.027779
11049.027779
11131.091713
11131.091715
11193.826796
11193.826799
11432.772578
11432.772579
11898.390882
11898.390885
12551.916119
12551.916121
12821.964564
12821.964565
13041.622658
13041.622659
13062.983054
13062.983056
13081.089833
13081.089836
13176.602107
13176.602108
13338.601643
13338.601643
14846.930344
14846.930345
14907.068332
14907.068333
14932.047831
14932.047832
15061.806296
15061.806297
16253.309100
16253.309102
16361.678937
16361.678939
16391.256000
16391.256002
17335.273377
17335.273378
17350.295678
17350.295679
17972.030007
17972.030010
39094.225326
39094.225328
39169.340536
39169.340538
39322.101071
39322.101071
40982.152572
40982.152572
41556.851314
41556.851315
41930.900796
41930.900798
42416.084409
42416.084410
42896.326741
42896.326742
43131.476850
43131.476850
