0.000000
0.000002
544.559193
544.559195
1091.973110
1091.973112
1549.189989
1549.189991
1835.239344
1835.239345
1992.416776
1992.416776
2130.159104
2130.159106
2204.148947
2204.148947
3351.025408
3351.025408
3893.667921
3893.667921
4231.660110
4231.660110
4506.608172
4506.608173
4756.625813
4756.625813
4940.679629
4940.679630
5142.114251
5142.114253
6293.024974
6293.024976
6600.406298
6600.406299
6866.703058
6866.703059
7110.509574
7110.509576
7366.919056
7366.919057
7648.567978
7648.567979
8691.630096
8691.630099
8723.505601
8723.505602
8815.613861
8815.613861
8830.366669
8830.366670
8931.976108
8931.976108
9116.918829
9116.918831
9136.455995
9136.455998
9264.241865
9264.241867
9339.271977
9339.271979
9402.223386
9402.223388
9764.568622
9764.568623
10564.195188
10564.195188
10617.904223
10617.904224
11012.710859
11012.710862
11131.159291
11131.159291
11165.815531
11165.815532
11215.324282
11215.324285
11309.264259
11309.264263
11469.412018
11469.412018
11535.623908
11535.623908
11968.625632
11968.625634
12592.513513
12592.513516
12885.182709
12885.182710
12954.861289
12954.861290
13037.154009
13037.154009
13086.484092
13086.484093
13195.058211
13195.058213
14354.630455
14354.630457
14482.998487
14482.998489
14518.049982
14518.049982
15449.567661
15449.567665
15469.271420
15469.271423
16094.809901
16094.809901
29676.900778
29676.900780
29750.551163
29750.551164
29897.956891
29897.956893
31766.632121
31766.632123
32319.990856
32319.990856
32687.561657
32687.561658
33221.028372
33221.028372
33675.575089
33675.575090
33919.002089
33919.002090
