0.000000
0.000002
491.361457
491.361458
778.947118
778.947119
962.673151
962.673153
1126.936426
1126.936428
1284.282152
1284.282152
1408.363151
1408.363152
1495.003880
1495.003880
3299.663462
3299.663462
3482.152444
3482.152444
3807.825834
3807.825835
4059.117587
4059.117587
4201.100247
4201.100250
4276.224132
4276.224132
4317.963002
4317.963004
6041.406764
6041.406764
6160.006212
6160.006212
6463.950354
6463.950354
6701.821558
6701.821561
6780.346152
6780.346154
6823.188302
6823.188304
8318.412608
8318.412608
8435.140765
8435.140767
8725.883083
8725.883084
8915.372832
8915.372835
8963.442700
8963.442701
10118.722270
10118.722272
10241.668696
10241.668697
10289.691823
10289.691824
10324.448132
10324.448134
10377.498473
10377.498474
10437.334596
10437.334596
10534.215904
10534.215905
10632.834963
10632.834964
10699.686907
10699.686910
10751.191601
10751.191602
11480.434119
11480.434120
11992.849976
11992.849978
12216.983090
12216.983092
12529.024344
12529.024344
12592.550413
12592.550413
12619.535078
12619.535078
12629.032586
12629.032587
12746.512415
12746.512418
14338.955455
14338.955459
14385.291699
14385.291702
14435.555243
14435.555244
14457.941218
14457.941219
15779.403330
15779.403332
15799.806627
15799.806629
15807.579586
15807.579588
16785.114910
16785.114910
16794.943270
16794.943273
17409.033592
17409.033592
39013.092528
39013.092530
39082.000754
39082.000754
39247.277854
39247.277855
40184.177611
40184.177611
40876.577944
40876.577947
41268.239863
41268.239865
41527.233524
41527.233526
42144.781637
42144.781637
42334.579334
42334.579336
