0.000000
0.000002
491.904962
491.904964
740.975748
740.975751
904.234743
904.234745
1084.344938
1084.344938
1277.758105
1277.758106
1436.790515
1436.790517
1561.536371
1561.536374
3300.127185
3300.127187
3434.885084
3434.885084
3793.583391
3793.583392
4064.216208
4064.216208
4206.338219
4206.338219
4283.301770
4283.301770
4336.758354
4336.758355
6023.516729
6023.516729
6124.455604
6124.455604
6471.613924
6471.613927
6719.118762
6719.118762
6776.790299
6776.790301
6827.654812
6827.654815
8248.236387
8248.236388
8266.854550
8266.854553
8314.901383
8314.901384
8343.649393
8343.649395
8359.070915
8359.070915
8478.861738
8478.861738
8543.645589
8543.645591
8693.589243
8693.589244
8747.486309
8747.486310
8922.679142
8922.679147
8986.298356
8986.298357
10113.472340
10113.472341
10285.509724
10285.509726
10446.942217
10446.942218
10512.382326
10512.382327
10625.899488
10625.899488
10633.912125
10633.912126
10736.444255
10736.444258
10773.975885
10773.975885
10781.543889
10781.543890
11462.994501
11462.994504
12011.168887
12011.168888
12190.173348
12190.173348
12332.691755
12332.691757
12434.734054
12434.734055
12466.959093
12466.959094
12498.045608
12498.045609
13774.572398
13774.572399
13812.492892
13812.492895
13822.465903
13822.465903
14792.198856
14792.198860
14803.759126
14803.759129
15427.147197
15427.147198
29515.278619
29515.278620
29584.494479
29584.494482
29749.730310
29749.730312
30767.112163
30767.112165
31442.638768
31442.638768
31840.610859
31840.610862
32107.893632
32107.893633
32713.550781
32713.550783
32911.293076
32911.293076
