0.000000
0.000004
556.909454
556.909455
1109.279120
1109.279121
1565.989530
1565.989531
1848.728470
1848.728472
2000.617982
2000.617985
2131.949641
2131.949641
2200.369576
2200.369579
3363.009176
3363.009178
3901.640501
3901.640504
4239.367798
4239.367800
4517.809087
4517.809088
4769.304299
4769.304301
4948.609345
4948.609348
5140.805181
5140.805181
6308.741410
6308.741412
6605.016500
6605.016500
6873.557143
6873.557143
7120.998383
7120.998384
7378.865631
7378.865632
7650.022069
7650.022071
8705.669943
8705.669943
8728.049506
8728.049508
8819.350308
8819.350308
8833.579295
8833.579295
8934.716317
8934.716318
9120.281492
9120.281492
9141.855357
9141.855361
9267.168216
9267.168218
9338.546252
9338.546253
9414.556075
9414.556076
9768.223428
9768.223431
10572.478837
10572.478837
10626.532709
10626.532710
11022.551462
11022.551463
11136.220996
11136.220998
11167.761531
11167.761534
11221.528592
11221.528595
11308.772548
11308.772552
11471.155972
11471.155977
11538.840426
11538.840427
11980.068186
11980.068189
12601.920795
12601.920798
12887.537749
12887.537752
12956.939018
12956.939019
13039.905662
13039.905665
13087.232423
13087.232424
13196.172663
13196.172664
14356.121120
14356.121120
14484.931876
14484.931878
14519.478337
14519.478337
15451.449092
15451.449096
15470.656826
15470.656827
16095.909890
16095.909892
29658.757524
29658.757527
29731.609905
29731.609906
29879.232854
29879.232858
31749.510329
31749.510331
32304.674798
32304.674799
32676.742032
32676.742033
33191.163596
33191.163596
33651.292065
33651.292066
33896.084684
33896.084684
