0.000000
0.000002
486.188097
486.188098
768.817968
768.817968
949.355749
949.355749
1111.907749
1111.907750
1268.257820
1268.257820
1392.640776
1392.640777
1474.692522
1474.692522
3294.755328
3294.755330
3475.479272
3475.479274
3797.863063
3797.863067
4045.890155
4045.890156
4185.338718
4185.338718
4258.327023
4258.327024
4301.919714
4301.919715
6034.074403
6034.074405
6151.685875
6151.685877
6453.757181
6453.757183
6688.030064
6688.030066
6762.031195
6762.031197
6808.817182
6808.817183
8309.575985
8309.575986
8425.965846
8425.965848
8715.325014
8715.325016
8897.714315
8897.714315
8949.694174
8949.694174
10109.025636
10109.025637
10232.152790
10232.152792
10277.190734
10277.190735
10313.258304
10313.258304
10366.008871
10366.008871
10423.333751
10423.333753
10518.466301
10518.466302
10615.277290
10615.277291
10683.164116
10683.164117
10737.045541
10737.045544
11470.573582
11470.573583
11978.598951
11978.598952
12200.783035
12200.783035
12516.387163
12516.387165
12578.530366
12578.530366
12605.324977
12605.324978
12614.809199
12614.809201
12729.798213
12729.798214
14325.444948
14325.444949
14371.547695
14371.547696
14420.865018
14420.865019
14442.375177
14442.375178
15765.170494
15765.170495
15785.443016
15785.443018
15792.617845
15792.617847
16770.205022
16770.205025
16780.589059
16780.589060
17393.603139
17393.603140
39010.499201
39010.499202
39079.316839
39079.316841
39244.458159
39244.458160
40161.064892
40161.064893
40857.967272
40857.967273
41247.767763
41247.767763
41504.980723
41504.980724
42125.458020
42125.458021
42313.216619
42313.216620
