0.000000
0.000002
486.604093
486.604096
769.632705
769.632707
950.456567
950.456569
1113.178733
1113.178735
1269.636328
1269.636330
1394.002941
1394.002943
1476.533553
1476.533557
3295.140828
3295.140832
3476.009579
3476.009580
3798.694927
3798.694929
4047.019751
4047.019752
4186.716627
4186.716631
4259.924947
4259.924948
4303.272702
4303.272702
6034.657217
6034.657218
6152.373033
6152.373034
6454.626431
6454.626433
6689.235807
6689.235807
6763.652356
6763.652357
6810.012825
6810.012826
8310.284691
8310.284691
8426.746058
8426.746060
8716.240305
8716.240306
8899.274854
8899.274856
8950.836888
8950.836889
10109.818369
10109.818370
10232.972785
10232.972785
10278.296462
10278.296463
10314.197535
10314.197535
10366.971811
10366.971814
10424.507593
10424.507596
10519.769674
10519.769675
10616.771316
10616.771319
10684.615486
10684.615487
10738.210400
10738.210402
11471.380378
11471.380379
11979.810559
11979.810560
12202.210477
12202.210477
12517.445742
12517.445743
12579.735139
12579.735141
12606.523051
12606.523054
12616.015860
12616.015863
12731.184163
12731.184163
14326.590860
14326.590862
14372.700892
14372.700893
14422.123377
14422.123378
14443.670930
14443.670932
15766.360091
15766.360092
15786.672077
15786.672080
15793.875933
15793.875933
16771.465053
16771.465055
16781.801001
16781.801004
17394.903351
17394.903352
39010.644328
39010.644330
39079.466614
39079.466615
39244.621414
39244.621416
40162.947803
40162.947804
40859.465256
40859.465256
41249.437869
41249.437871
41506.772567
41506.772569
42127.011203
42127.011204
42314.946496
42314.946500
