0.000000
0.000001
507.489589
507.489589
762.286627
762.286629
921.412217
921.412220
1093.154892
1093.154893
1277.230021
1277.230021
1433.981915
1433.981915
1536.034460
1536.034460
3314.247683
3314.247684
3444.612027
3444.612028
3804.446043
3804.446044
4073.064639
4073.064641
4205.336973
4205.336974
4275.260639
4275.260639
4330.911322
4330.911322
6040.945360
6040.945361
6129.909821
6129.909823
6477.084346
6477.084347
6719.086681
6719.086685
6771.687704
6771.687705
6828.730163
6828.730163
8249.855005
8249.855007
8268.021296
8268.021296
8312.932301
8312.932302
8341.859968
8341.859968
8356.850434
8356.850434
8477.304289
8477.304289
8535.920448
8535.920449
8674.833064
8674.833064
8747.318890
8747.318890
8921.765447
8921.765448
8988.006389
8988.006391
10128.056439
10128.056439
10283.625452
10283.625453
10442.250309
10442.250310
10506.889091
10506.889093
10615.201480
10615.201480
10626.160321
10626.160322
10734.428456
10734.428456
10764.347506
10764.347508
10782.169679
10782.169681
11474.878286
11474.878288
12015.528919
12015.528922
12178.507366
12178.507368
12323.221254
12323.221255
12425.861611
12425.861612
12457.349590
12457.349592
12488.906036
12488.906038
13767.646953
13767.646953
13803.002291
13803.002292
13812.619682
13812.619683
14783.018784
14783.018785
14795.029774
14795.029775
15415.793226
15415.793227
29475.938964
29475.938965
29545.184597
29545.184599
29710.437281
29710.437282
30706.829378
30706.829379
31386.473184
31386.473185
31782.573526
31782.573526
32048.852375
32048.852376
32657.052160
32657.052161
32852.754635
32852.754636
