-7.155440573387809700e+00
-7.155435151430857843e+00
-7.155252399587379131e+00
-7.155222338193082621e+00
-7.155713563652230214e+00
-7.155836198711904572e+00
-7.155609730686967929e+00
-7.155388637623654624e+00
-7.155125968091280875e+00
-7.155022730255718777e+00
-7.155114469973756997e+00
-7.164840730261142987e+00
-7.164590643500864608e+00
-7.164363911058115875e+00
-7.164662963312252053e+00
-7.164514220514088372e+00
-7.164334438801997607e+00
-7.164259337698140939e+00
-7.198956768561962427e+00
-7.198537919607555402e+00
-7.198490869408698423e+00
