0.000000
0.000001
541.687961
541.687962
874.683239
874.683241
1084.466661
1084.466661
1260.326242
1260.326243
1422.636733
1422.636733
1542.083440
1542.083442
1662.990153
1662.990153
3348.860342
3348.860344
3546.211744
3546.211744
3899.720603
3899.720604
4176.853669
4176.853670
4334.271920
4334.271920
4418.389182
4418.389183
4467.614629
4467.614630
6114.092430
6114.092432
6235.999210
6235.999211
6554.059960
6554.059961
6818.260104
6818.260105
6930.279094
6930.279094
6959.085792
6959.085792
8405.067805
8405.067806
8515.257921
8515.257923
8815.734858
8815.734858
9058.762072
9058.762073
9094.290672
9094.290674
10210.555668
10210.555668
10319.942661
10319.942662
10403.420137
10403.420139
10434.269554
10434.269555
10486.926621
10486.926622
10564.780325
10564.780326
10673.090825
10673.090826
10774.803374
10774.803375
10835.707874
10835.707877
10890.720055
10890.720055
11576.294267
11576.294268
12117.562732
12117.562732
12351.406520
12351.406520
12646.319404
12646.319407
12720.484522
12720.484524
12747.578284
12747.578285
12759.020338
12759.020341
12893.931129
12893.931129
14460.695210
14460.695210
14511.239012
14511.239013
14567.695991
14567.695992
14597.942020
14597.942021
15907.727541
15907.727543
15929.392430
15929.392430
15943.090867
15943.090868
16918.015766
16918.015767
16926.422491
16926.422492
17546.241237
17546.241238
39044.227130
39044.227130
39114.681436
39114.681438
39279.387021
39279.387021
40386.886309
40386.886311
41045.237337
41045.237338
41444.956364
41444.956365
41732.508091
41732.508092
42321.841173
42321.841174
42526.903675
42526.903677
