0.000000
0.000000
525.167938
525.167938
790.266377
790.266377
951.379803
951.379804
1121.685682
1121.685682
1303.809414
1303.809414
1459.499115
1459.499116
1560.616487
1560.616489
3330.935488
3330.935489
3459.597069
3459.597069
3826.758646
3826.758646
4100.586789
4100.586790
4232.206982
4232.206983
4302.245454
4302.245455
4356.177337
4356.177338
6062.768319
6062.768320
6145.711301
6145.711302
6497.600978
6497.600979
6743.440467
6743.440469
6800.621499
6800.621499
6854.787747
6854.787748
8282.048137
8282.048138
8299.873748
8299.873748
8348.758342
8348.758343
8373.870638
8373.870639
8390.035544
8390.035545
8503.904105
8503.904106
8576.402908
8576.402910
8713.773149
8713.773150
8767.235689
8767.235689
8951.026934
8951.026935
9014.913578
9014.913580
10152.176885
10152.176886
10298.999742
10298.999743
10477.180772
10477.180773
10542.589857
10542.589858
10653.066347
10653.066352
10665.906599
10665.906599
10768.170322
10768.170322
10803.552388
10803.552390
10810.212614
10810.212617
11498.056678
11498.056679
12042.960948
12042.960948
12206.888571
12206.888571
12359.650977
12359.650977
12463.880893
12463.880894
12498.199795
12498.199796
12527.566725
12527.566725
13807.161238
13807.161239
13842.715639
13842.715639
13852.517241
13852.517242
14822.880746
14822.880746
14834.705256
14834.705258
15455.834769
15455.834770
29563.905320
29563.905320
29633.237779
29633.237780
29798.453382
29798.453383
30820.134803
30820.134803
31494.764873
31494.764874
31892.668914
31892.668914
32161.422969
32161.422970
32766.085403
32766.085405
32964.148819
32964.148821
