0.000000
0.000002
490.030724
490.030724
776.437053
776.437054
959.405235
959.405237
1123.138035
1123.138036
1280.052548
1280.052551
1404.220228
1404.220228
1488.998182
1488.998183
3298.321481
3298.321482
3480.627816
3480.627817
3805.324571
3805.324572
4055.636123
4055.636124
4196.832391
4196.832392
4271.274317
4271.274317
4313.624944
4313.624945
6039.523622
6039.523624
6157.973218
6157.973220
6461.276034
6461.276035
6698.032166
6698.032167
6775.225486
6775.225488
6819.489733
6819.489734
8316.214119
8316.214119
8432.740278
8432.740280
8723.029533
8723.029535
8910.413980
8910.413980
8959.922391
8959.922393
10116.366588
10116.366590
10239.107456
10239.107456
10286.643861
10286.643861
10321.755178
10321.755180
10374.615514
10374.615515
10433.617394
10433.617396
10529.808251
10529.808252
10627.564084
10627.564087
10695.019335
10695.019336
10747.572985
10747.572986
11477.953336
11477.953337
11989.170496
11989.170496
12212.357241
12212.357243
12525.887310
12525.887311
12588.888084
12588.888084
12615.690951
12615.690951
12625.195586
12625.195588
12741.779934
12741.779936
14335.446967
14335.446968
14381.715449
14381.715450
14431.553820
14431.553822
14453.683558
14453.683559
15775.644000
15775.644001
15795.965453
15795.965454
15803.552302
15803.552302
16781.107681
16781.107682
16791.131946
16791.131948
17404.790860
17404.790861
39012.518537
39012.518538
39081.395709
39081.395713
39246.638597
39246.638597
40177.826062
40177.826063
40871.483109
40871.483112
41262.651671
41262.651671
41521.094090
41521.094090
42139.480806
42139.480807
42328.715519
42328.715521
