0.000000
0.000004
509.317730
509.317733
765.627366
765.627367
925.526308
925.526309
1097.682606
1097.682609
1282.045676
1282.045677
1439.052030
1439.052035
1541.547704
1541.547704
3315.922552
3315.922555
3446.754326
3446.754331
3807.570308
3807.570312
4077.273779
4077.273780
4210.095381
4210.095385
4280.324086
4280.324087
4335.932140
4335.932143
6043.377283
6043.377284
6132.440693
6132.440696
6480.382028
6480.382031
6723.333255
6723.333260
6776.753660
6776.753661
6833.554335
6833.554343
8254.248381
8254.248383
8272.144313
8272.144314
8317.618529
8317.618532
8346.299257
8346.299260
8361.375574
8361.375579
8481.162633
8481.162637
8541.778385
8541.778388
8681.316399
8681.316401
8750.827449
8750.827449
8926.692608
8926.692612
8992.693400
8992.693401
10131.215205
10131.215206
10286.553405
10286.553408
10447.011511
10447.011514
10511.963431
10511.963431
10620.676137
10620.676141
10631.750773
10631.750773
10739.580868
10739.580868
10770.359097
10770.359101
10786.834594
10786.834594
11478.085462
11478.085464
12020.199144
12020.199144
12183.757200
12183.757202
12328.336910
12328.336911
12431.270496
12431.270497
12463.256127
12463.256129
12494.574728
12494.574730
13773.101826
13773.101826
13808.576800
13808.576804
13818.247055
13818.247058
14788.609277
14788.609285
14800.547814
14800.547818
15421.644955
15421.644958
29484.412398
29484.412398
29553.678636
29553.678636
29718.922039
29718.922039
30720.713272
30720.713273
31399.262227
31399.262228
31795.753815
31795.753816
32062.599925
32062.599928
32670.014227
32670.014227
32866.236815
32866.236818
