0.000000
0.000002
559.385959
559.385966
1086.230020
1086.230024
1504.381027
1504.381032
1757.531431
1757.531433
1897.216396
1897.216398
2017.983571
2017.983575
2075.681092
2075.681094
3365.497881
3365.497884
3854.586029
3854.586032
4186.229220
4186.229221
4456.489649
4456.489652
4683.028316
4683.028318
4843.546386
4843.546386
5018.329417
5018.329418
6284.322211
6284.322211
6553.992825
6553.992827
6811.667085
6811.667088
7057.189953
7057.189955
7288.622066
7288.622067
7534.600565
7534.600568
8676.633182
8676.633184
8778.828078
8778.828080
9048.699153
9048.699154
9337.698937
9337.698941
9658.259170
9658.259171
10524.530261
10524.530264
10561.212596
10561.212597
10648.357484
10648.357488
10742.231628
10742.231635
10859.002007
10859.002008
11013.242053
11013.242054
11044.637152
11044.637152
11125.917751
11125.917751
11188.528932
11188.528932
11427.718045
11427.718045
11894.532555
11894.532558
12547.356108
12547.356108
12817.040159
12817.040161
13037.109481
13037.109483
13058.471424
13058.471428
13076.474298
13076.474302
13171.818398
13171.818399
13333.364272
13333.364272
14842.248282
14842.248282
14902.349358
14902.349363
14927.212769
14927.212769
15056.708626
15056.708629
16248.607250
16248.607251
16356.686300
16356.686302
16386.226425
16386.226425
17330.324927
17330.324931
17345.277386
17345.277388
17966.906481
17966.906483
39093.625340
39093.625340
39168.808051
39168.808052
39321.726382
39321.726383
40974.765331
40974.765332
41550.170799
41550.170801
41924.278570
41924.278571
42408.371968
42408.371969
42889.339922
42889.339924
43124.148489
43124.148490
