0.000000
0.000000
558.890906
558.890908
1085.306846
1085.306847
1503.102759
1503.102759
1756.032336
1756.032336
1895.576450
1895.576452
2016.044150
2016.044150
2073.366504
2073.366505
3365.006897
3365.006897
3853.861791
3853.861791
4185.197171
4185.197173
4455.170675
4455.170676
4681.500021
4681.500021
4841.814415
4841.814415
5016.235645
5016.235646
6283.459070
6283.459070
6553.151797
6553.151797
6810.583882
6810.583883
7055.826967
7055.826969
7287.038432
7287.038433
7532.662225
7532.662227
8675.572323
8675.572324
8777.923329
8777.923330
9047.583849
9047.583849
9336.236200
9336.236201
9656.414454
9656.414455
10523.501546
10523.501548
10560.232845
10560.232845
10647.071557
10647.071558
10740.824537
10740.824541
10857.522201
10857.522202
11011.707344
11011.707345
11043.160109
11043.160110
11124.190739
11124.190742
11186.731101
11186.731101
11425.903059
11425.903059
11893.294549
11893.294549
12545.888450
12545.888451
12815.182900
12815.182902
13035.566378
13035.566378
13056.983384
13056.983385
13074.920468
13074.920472
13170.202106
13170.202109
13331.582776
13331.582778
14840.657536
14840.657537
14900.762360
14900.762360
14925.594369
14925.594371
15054.977539
15054.977540
16247.014880
16247.014881
16354.996176
16354.996176
16384.531174
16384.531176
17328.676473
17328.676475
17343.554345
17343.554346
17965.171525
17965.171525
39093.550261
39093.550262
39168.735009
39168.735013
39321.711552
39321.711552
40972.434578
40972.434578
41548.115919
41548.115919
41922.341231
41922.341231
42405.673022
42405.673022
42887.008733
42887.008733
43121.730069
43121.730070
