0.000000
0.000001
486.354387
486.354388
769.160418
769.160421
949.838325
949.838325
1112.472482
1112.472483
1268.871307
1268.871308
1393.244598
1393.244599
1475.529675
1475.529675
3294.911367
3294.911368
3475.711815
3475.711815
3798.224423
3798.224425
4046.384664
4046.384666
4185.953606
4185.953606
4259.053772
4259.053775
4302.521151
4302.521152
6034.319576
6034.319579
6151.994424
6151.994427
6454.141262
6454.141265
6688.564819
6688.564820
6762.774527
6762.774530
6809.340555
6809.340555
8309.880383
8309.880384
8426.319384
8426.319385
8715.734252
8715.734254
8898.429593
8898.429595
8950.194595
8950.194595
10109.377754
10109.377755
10232.531329
10232.531331
10277.682313
10277.682315
10313.662539
10313.662541
10366.428591
10366.428591
10423.848489
10423.848493
10519.038111
10519.038113
10615.942398
10615.942400
10683.819398
10683.819399
10737.557125
10737.557129
11470.928434
11470.928434
11979.146551
11979.146552
12201.440419
12201.440421
12516.851647
12516.851650
12579.057191
12579.057191
12605.852415
12605.852415
12615.340801
12615.340801
12730.410521
12730.410522
14325.956402
14325.956402
14372.057547
14372.057548
14421.418733
14421.418735
14442.949133
14442.949135
15765.698910
15765.698910
15785.988769
15785.988770
15793.176674
15793.176675
16770.766131
16770.766131
16781.128006
16781.128006
17394.183240
17394.183241
39010.560729
39010.560729
39079.380107
39079.380108
39244.527515
39244.527516
40161.896885
40161.896887
40858.629260
40858.629261
41248.507622
41248.507623
41505.771866
41505.771869
42126.144874
42126.144876
42313.982399
42313.982401
