0.000000
0.000002
509.320651
509.320652
765.629508
765.629510
925.524874
925.524877
1097.678890
1097.678892
1282.043177
1282.043178
1439.053839
1439.053841
1541.550755
1541.550759
3315.925918
3315.925920
3446.753054
3446.753056
3807.569448
3807.569450
4077.275480
4077.275481
4210.097954
4210.097955
4280.324433
4280.324435
4335.931101
4335.931101
6043.380028
6043.380028
6132.437979
6132.437980
6480.383792
6480.383796
6723.335722
6723.335725
6776.753507
6776.753507
6833.554425
6833.554426
8254.250661
8254.250662
8272.145406
8272.145407
8317.619155
8317.619155
8346.303657
8346.303658
8361.373939
8361.373940
8481.163204
8481.163204
8541.778210
8541.778212
8681.318692
8681.318694
8750.829852
8750.829858
8926.692757
8926.692758
8992.694410
8992.694410
10131.216130
10131.216131
10286.553591
10286.553591
10447.010699
10447.010701
10511.964999
10511.964999
10620.678837
10620.678837
10631.752166
10631.752168
10739.582827
10739.582829
10770.362049
10770.362049
10786.836060
10786.836060
11478.086387
11478.086390
12020.199477
12020.199482
12183.757282
12183.757285
12328.339575
12328.339576
12431.274134
12431.274138
12463.257465
12463.257468
12494.576787
12494.576790
13773.104581
13773.104585
13808.578770
13808.578772
13818.248778
13818.248780
14788.610494
14788.610496
14800.550849
14800.550849
15421.647160
15421.647160
29484.414111
29484.414112
29553.680284
29553.680284
29718.923748
29718.923749
30720.716853
30720.716854
31399.265574
31399.265576
31795.757601
31795.757603
32062.602782
32062.602783
32670.017348
32670.017349
32866.240068
32866.240071
