0.000000
0.000002
487.901641
487.901642
772.455722
772.455724
954.354082
954.354083
1117.596515
1117.596516
1274.235743
1274.235743
1398.407964
1398.407964
1482.126930
1482.126931
3296.347479
3296.347479
3478.018276
3478.018276
3801.511983
3801.511983
4050.682630
4050.682630
4191.137066
4191.137069
4265.048915
4265.048916
4307.762211
4307.762213
6036.594050
6036.594053
6154.855433
6154.855437
6457.466092
6457.466094
6693.000612
6693.000612
6768.935079
6768.935081
6814.023614
6814.023615
8312.707450
8312.707451
8429.405786
8429.405787
8719.156328
8719.156329
8904.331567
8904.331567
8954.657057
8954.657057
10112.631015
10112.631015
10235.771813
10235.771814
10282.028121
10282.028124
10317.421790
10317.421792
10370.234045
10370.234048
10428.424870
10428.424870
10524.114493
10524.114494
10621.501062
10621.501063
10689.201284
10689.201284
10742.155179
10742.155179
11474.157358
11474.157360
11983.908208
11983.908211
12206.716838
12206.716842
12521.146053
12521.146058
12583.635994
12583.635998
12610.550882
12610.550883
12619.963214
12619.963214
12735.741724
12735.741725
14330.521054
14330.521055
14376.646003
14376.646006
14426.170345
14426.170345
14447.973625
14447.973627
15770.455681
15770.455683
15790.688277
15790.688279
15798.048915
15798.048917
16775.642945
16775.642945
16785.865003
16785.865005
17399.205224
17399.205226
39011.582994
39011.582994
39080.423209
39080.423209
39245.615365
39245.615367
40169.705544
40169.705545
40864.934260
40864.934261
41255.472891
41255.472894
41513.265970
41513.265970
42132.681881
42132.681883
42321.218092
42321.218093
